 1             1             2017         38.6
 1             2             2017         28.8
 1             3             2017         25.2
 1             4             2017         23.8
 1             5             2017         11.4
 1             6             2017         10.5
 1             7             2017         23.9
 1             8             2017         21.6
 1             9             2017         34.4
 1             10            2017         34.5
 1             11            2017         34.5
 1             12            2017         35.7
 1             13            2017         33.3
 1             14            2017         28.9
 1             15            2017         26.0
 1             16            2017         27.3
 1             17            2017         26.1
 1             18            2017         35.6
 1             19            2017         39.1
 1             20            2017         37.7
 1             21            2017         32.6
 1             22            2017         32.2
 1             23            2017         35.9
 1             24            2017         31.1
 1             25            2017         33.9
 1             26            2017         39.0
 1             27            2017         31.3
 1             28            2017         28.5
 1             29            2017         32.7
 1             30            2017         36.2
 1             31            2017         34.3
 2             1             2017         31.7
 2             2             2017         31.7
 2             3             2017         31.6
 2             4             2017         34.3
 2             5             2017         32.8
 2             6             2017         28.2
 2             7             2017         23.8
 2             8             2017         24.8
 2             9             2017         25.8
 2             10            2017         28.2
 2             11            2017         24.5
 2             12            2017         25.3
 2             13            2017         31.2
 2             14            2017         33.1
 2             15            2017         31.3
 2             16            2017         33.1
 2             17            2017         35.4
 2             18            2017         34.2
 2             19            2017         41.6
 2             20            2017         39.5
 2             21            2017         29.5
 2             22            2017         32.7
 2             23            2017         30.9
 2             24            2017         27.4
 2             25            2017         29.2
 2             26            2017         31.6
 2             27            2017         35.4
 2             28            2017         38.5
 3             1             2017         37.5
 3             2             2017         36.4
 3             3             2017         32.8
 3             4             2017         31.1
 3             5             2017         28.4
 3             6             2017         28.9
 3             7             2017         27.1
 3             8             2017         28.6
 3             9             2017         35.2
 3             10            2017         34.9
 3             11            2017         32.1
 3             12            2017         36.1
 3             13            2017         38.4
 3             14            2017         41.7
 3             15            2017         43.6
 3             16            2017         41.5
 3             17            2017         43.0
 3             18            2017         36.7
 3             19            2017         33.6
 3             20            2017         33.5
 3             21            2017         40.5
 3             22            2017         40.8
 3             23            2017         37.9
 3             24            2017         37.2
 3             25            2017         41.4
 3             26            2017         50.1
 3             27            2017         52.4
 3             28            2017         40.4
 3             29            2017         34.6
 3             30            2017         34.5
 3             31            2017         35.5
 4             1             2017         44.2
 4             2             2017         49.7
 4             3             2017         39.7
 4             4             2017         45.2
 4             5             2017         47.2
 4             6             2017         40.7
 4             7             2017         42.0
 4             8             2017         41.7
 4             9             2017         47.7
 4             10            2017         46.5
 4             11            2017         41.9
 4             12            2017         35.7
 4             13            2017         34.7
 4             14            2017         31.2
 4             15            2017         31.4
 4             16            2017         29.7
 4             17            2017         30.9
 4             18            2017         33.3
 4             19            2017         38.3
 4             20            2017         40.9
 4             21            2017         45.1
 4             22            2017         42.3
 4             23            2017         40.0
 4             24            2017         37.9
 4             25            2017         35.8
 4             26            2017         37.8
 4             27            2017         40.0
 4             28            2017         39.5
 4             29            2017         41.1
 4             30            2017         43.2
 5             1             2017         48.3
 5             2             2017         49.1
 5             3             2017         47.1
 5             4             2017         45.2
 5             5             2017         51.2
 5             6             2017         52.1
 5             7             2017         44.8
 5             8             2017         37.5
 5             9             2017         34.7
 5             10            2017         34.5
 5             11            2017         38.4
 5             12            2017         41.9
 5             13            2017         45.2
 5             14            2017         52.4
 5             15            2017         45.1
 5             16            2017         45.8
 5             17            2017         50.5
 5             18            2017         62.2
 5             19            2017         67.5
 5             20            2017         58.3
 5             21            2017         59.1
 5             22            2017         57.4
 5             23            2017         54.5
 5             24            2017         58.3
 5             25            2017         58.2
 5             26            2017         58.0
 5             27            2017         66.0
 5             28            2017         69.7
 5             29            2017         59.8
 5             30            2017         53.2
 5             31            2017         53.5
 6             1             2017         50.3
 6             2             2017         49.3
 6             3             2017         52.8
 6             4             2017         55.7
 6             5             2017         55.9
 6             6             2017         60.5
 6             7             2017         57.4
 6             8             2017         55.2
 6             9             2017         57.6
 6             10            2017         61.5
 6             11            2017         61.2
 6             12            2017         58.9
 6             13            2017         55.7
 6             14            2017         62.8
 6             15            2017         64.5
 6             16            2017         62.3
 6             17            2017         64.6
 6             18            2017         69.4
 6             19            2017         66.3
 6             20            2017         60.1
 6             21            2017         58.5
 6             22            2017         57.3
 6             23            2017         58.3
 6             24            2017         59.7
 6             25            2017         58.5
 6             26            2017         56.2
 6             27            2017         56.9
 6             28            2017         57.4
 6             29            2017         58.4
 6             30            2017         61.9
 7             1             2017         61.3
 7             2             2017         64.1
 7             3             2017         59.8
 7             4             2017         55.7
 7             5             2017         56.8
 7             6             2017         58.4
 7             7             2017         63.6
 7             8             2017         60.6
 7             9             2017         62.1
 7             10            2017         64.0
 7             11            2017         62.4
 7             12            2017         64.2
 7             13            2017         60.4
 7             14            2017         60.4
 7             15            2017         63.4
 7             16            2017         63.3
 7             17            2017         62.4
 7             18            2017         62.9
 7             19            2017         60.7
 7             20            2017         62.4
 7             21            2017         60.9
 7             22            2017         63.5
 7             23            2017         63.5
 7             24            2017         62.5
 7             25            2017         62.6
 7             26            2017         62.4
 7             27            2017         65.4
 7             28            2017         61.8
 7             29            2017         64.2
 7             30            2017         65.5
 7             31            2017         66.4
 8             1             2017         65.0
 8             2             2017         66.2
 8             3             2017         64.0
 8             4             2017         62.8
 8             5             2017         62.4
 8             6             2017         58.7
 8             7             2017         62.6
 8             8             2017         65.3
 8             9             2017         65.1
 8             10            2017         64.0
 8             11            2017         66.3
 8             12            2017         63.8
 8             13            2017         57.7
 8             14            2017         59.9
 8             15            2017         60.7
 8             16            2017         61.6
 8             17            2017         62.2
 8             18            2017         61.5
 8             19            2017         63.0
 8             20            2017         61.0
 8             21            2017         60.3
 8             22            2017         57.5
 8             23            2017         57.6
 8             24            2017         58.7
 8             25            2017         55.4
 8             26            2017         55.9
 8             27            2017         54.2
 8             28            2017         55.4
 8             29            2017         63.2
 8             30            2017         65.4
 8             31            2017         58.7
 9             1             2017         56.1
 9             2             2017         54.9
 9             3             2017         57.0
 9             4             2017         55.8
 9             5             2017         57.0
 9             6             2017         54.7
 9             7             2017         53.1
 9             8             2017         53.2
 9             9             2017         58.1
 9             10            2017         58.4
 9             11            2017         58.9
 9             12            2017         59.3
 9             13            2017         55.8
 9             14            2017         53.9
 9             15            2017         53.3
 9             16            2017         53.1
 9             17            2017         52.6
 9             18            2017         48.9
 9             19            2017         49.1
 9             20            2017         46.5
 9             21            2017         55.1
 9             22            2017         54.9
 9             23            2017         57.1
 9             24            2017         58.4
 9             25            2017         57.9
 9             26            2017         57.4
 9             27            2017         56.7
 9             28            2017         55.6
 9             29            2017         52.4
 9             30            2017         50.4
 10            1             2017         50.6
 10            2             2017         54.4
 10            3             2017         54.3
 10            4             2017         51.4
 10            5             2017         47.7
 10            6             2017         47.9
 10            7             2017         43.1
 10            8             2017         43.8
 10            9             2017         48.1
 10            10            2017         45.3
 10            11            2017         43.9
 10            12            2017         50.5
 10            13            2017         45.9
 10            14            2017         53.6
 10            15            2017         52.9
 10            16            2017         56.6
 10            17            2017         53.0
 10            18            2017         46.8
 10            19            2017         39.3
 10            20            2017         40.3
 10            21            2017         42.0
 10            22            2017         40.8
 10            23            2017         40.8
 10            24            2017         40.1
 10            25            2017         46.7
 10            26            2017         40.2
 10            27            2017         39.8
 10            28            2017         42.7
 10            29            2017         37.6
 10            30            2017         35.9
 10            31            2017         35.5
 11            1             2017         42.5
 11            2             2017         44.7
 11            3             2017         38.9
 11            4             2017         46.7
 11            5             2017         48.8
 11            6             2017         41.4
 11            7             2017         34.9
 11            8             2017         36.5
 11            9             2017         44.6
 11            10            2017         42.2
 11            11            2017         40.8
 11            12            2017         34.5
 11            13            2017         31.6
 11            14            2017         31.8
 11            15            2017         36.2
 11            16            2017         36.0
 11            17            2017         42.8
 11            18            2017         39.6
 11            19            2017         30.9
 11            20            2017         30.6
 11            21            2017         28.3
 11            22            2017         30.2
 11            23            2017         45.5
 11            24            2017         40.8
 11            25            2017         33.0
 11            26            2017         33.0
 11            27            2017         38.4
 11            28            2017         38.6
 11            29            2017         38.4
 11            30            2017         34.2
 12            1             2017         34.4
 12            2             2017         33.1
 12            3             2017         38.3
 12            4             2017         30.8
 12            5             2017         29.6
 12            6             2017         28.8
 12            7             2017         39.3
 12            8             2017         40.7
 12            9             2017         37.4
 12            10            2017         32.0
 12            11            2017         31.1
 12            12            2017         31.5
 12            13            2017         31.0
 12            14            2017         36.1
 12            15            2017         35.3
 12            16            2017         33.9
 12            17            2017         26.6
 12            18            2017         29.6
 12            19            2017         30.6
 12            20            2017         34.6
 12            21            2017         31.7
 12            22            2017         30.1
 12            23            2017         37.6
 12            24            2017         32.3
 12            25            2017         33.4
 12            26            2017         37.6
 12            27            2017         37.5
 12            28            2017         39.6
 12            29            2017         36.6
 12            30            2017         34.2
 12            31            2017         36.0