 1             1             2017         35.1
 1             2             2017         33.7
 1             3             2017         30.7
 1             4             2017         34.3
 1             5             2017         19.3
 1             6             2017         8.0
 1             7             2017         4.0
 1             8             2017         9.1
 1             9             2017         14.9
 1             10            2017         17.3
 1             11            2017         15.1
 1             12            2017         31.4
 1             13            2017         32.6
 1             14            2017         33.5
 1             15            2017         29.7
 1             16            2017         30.3
 1             17            2017         27.8
 1             18            2017         19.2
 1             19            2017         21.9
 1             20            2017         29.3
 1             21            2017         33.8
 1             22            2017         32.4
 1             23            2017         30.3
 1             24            2017         27.6
 1             25            2017         33.0
 1             26            2017         24.7
 1             27            2017         24.0
 1             28            2017         27.0
 1             29            2017         28.8
 1             30            2017         27.0
 1             31            2017         26.1
 2             1             2017         26.6
 2             2             2017         30.8
 2             3             2017         31.9
 2             4             2017         27.0
 2             5             2017         25.5
 2             6             2017         27.3
 2             7             2017         20.7
 2             8             2017         16.5
 2             9             2017         19.4
 2             10            2017         22.4
 2             11            2017         19.2
 2             12            2017         21.2
 2             13            2017         19.3
 2             14            2017         22.9
 2             15            2017         27.5
 2             16            2017         32.9
 2             17            2017         34.4
 2             18            2017         35.7
 2             19            2017         35.7
 2             20            2017         38.3
 2             21            2017         42.9
 2             22            2017         41.1
 2             23            2017         41.3
 2             24            2017         39.6
 2             25            2017         32.6
 2             26            2017         39.7
 2             27            2017         46.3
 2             28            2017         45.1
 3             1             2017         42.7
 3             2             2017         40.9
 3             3             2017         39.2
 3             4             2017         43.9
 3             5             2017         50.4
 3             6             2017         43.7
 3             7             2017         41.0
 3             8             2017         36.0
 3             9             2017         37.2
 3             10            2017         40.1
 3             11            2017         38.3
 3             12            2017         40.2
 3             13            2017         40.2
 3             14            2017         40.9
 3             15            2017         44.1
 3             16            2017         41.3
 3             17            2017         41.6
 3             18            2017         39.5
 3             19            2017         38.3
 3             20            2017         41.8
 3             21            2017         51.3
 3             22            2017         44.2
 3             23            2017         43.7
 3             24            2017         45.0
 3             25            2017         39.5
 3             26            2017         40.8
 3             27            2017         50.4
 3             28            2017         50.6
 3             29            2017         50.2
 3             30            2017         45.8
 3             31            2017         57.7
 4             1             2017         60.1
 4             2             2017         60.9
 4             3             2017         54.4
 4             4             2017         57.8
 4             5             2017         58.0
 4             6             2017         42.9
 4             7             2017         41.7
 4             8             2017         49.4
 4             9             2017         46.8
 4             10            2017         56.1
 4             11            2017         44.2
 4             12            2017         42.8
 4             13            2017         45.8
 4             14            2017         43.6
 4             15            2017         46.7
 4             16            2017         39.6
 4             17            2017         38.4
 4             18            2017         38.2
 4             19            2017         39.7
 4             20            2017         38.8
 4             21            2017         43.0
 4             22            2017         44.4
 4             23            2017         40.3
 4             24            2017         43.1
 4             25            2017         52.5
 4             26            2017         41.9
 4             27            2017         41.4
 4             28            2017         41.5
 4             29            2017         45.0
 4             30            2017         45.6
 5             1             2017         49.9
 5             2             2017         48.0
 5             3             2017         47.7
 5             4             2017         55.2
 5             5             2017         61.8
 5             6             2017         64.5
 5             7             2017         53.6
 5             8             2017         45.4
 5             9             2017         39.8
 5             10            2017         42.3
 5             11            2017         47.2
 5             12            2017         55.3
 5             13            2017         59.7
 5             14            2017         60.7
 5             15            2017         59.8
 5             16            2017         62.6
 5             17            2017         62.1
 5             18            2017         64.8
 5             19            2017         67.4
 5             20            2017         69.5
 5             21            2017         62.9
 5             22            2017         62.5
 5             23            2017         64.8
 5             24            2017         56.5
 5             25            2017         60.0
 5             26            2017         59.7
 5             27            2017         62.9
 5             28            2017         67.3
 5             29            2017         70.0
 5             30            2017         69.7
 5             31            2017         67.2
 6             1             2017         56.8
 6             2             2017         61.5
 6             3             2017         59.0
 6             4             2017         66.6
 6             5             2017         63.5
 6             6             2017         67.0
 6             7             2017         63.7
 6             8             2017         61.2
 6             9             2017         66.7
 6             10            2017         67.2
 6             11            2017         66.4
 6             12            2017         65.3
 6             13            2017         61.0
 6             14            2017         60.3
 6             15            2017         63.1
 6             16            2017         63.6
 6             17            2017         61.9
 6             18            2017         65.8
 6             19            2017         71.9
 6             20            2017         75.1
 6             21            2017         62.6
 6             22            2017         65.8
 6             23            2017         66.3
 6             24            2017         66.6
 6             25            2017         71.7
 6             26            2017         65.3
 6             27            2017         66.9
 6             28            2017         69.7
 6             29            2017         73.3
 6             30            2017         66.0
 7             1             2017         65.7
 7             2             2017         63.1
 7             3             2017         61.3
 7             4             2017         58.7
 7             5             2017         57.6
 7             6             2017         61.6
 7             7             2017         65.7
 7             8             2017         66.2
 7             9             2017         66.6
 7             10            2017         71.4
 7             11            2017         68.8
 7             12            2017         68.8
 7             13            2017         62.7
 7             14            2017         60.6
 7             15            2017         63.0
 7             16            2017         64.2
 7             17            2017         63.7
 7             18            2017         64.7
 7             19            2017         69.5
 7             20            2017         68.8
 7             21            2017         67.2
 7             22            2017         71.7
 7             23            2017         69.2
 7             24            2017         72.5
 7             25            2017         66.0
 7             26            2017         63.1
 7             27            2017         65.6
 7             28            2017         64.3
 7             29            2017         65.7
 7             30            2017         74.3
 7             31            2017         78.2
 8             1             2017         81.1
 8             2             2017         75.8
 8             3             2017         74.9
 8             4             2017         74.8
 8             5             2017         71.3
 8             6             2017         68.2
 8             7             2017         64.6
 8             8             2017         67.5
 8             9             2017         73.3
 8             10            2017         76.6
 8             11            2017         81.1
 8             12            2017         67.6
 8             13            2017         62.6
 8             14            2017         64.7
 8             15            2017         66.4
 8             16            2017         70.7
 8             17            2017         66.6
 8             18            2017         73.4
 8             19            2017         67.4
 8             20            2017         60.4
 8             21            2017         58.7
 8             22            2017         58.2
 8             23            2017         57.0
 8             24            2017         59.9
 8             25            2017         64.2
 8             26            2017         65.9
 8             27            2017         66.8
 8             28            2017         60.7
 8             29            2017         60.8
 8             30            2017         64.0
 8             31            2017         69.1
 9             1             2017         63.8
 9             2             2017         56.3
 9             3             2017         56.0
 9             4             2017         56.2
 9             5             2017         59.4
 9             6             2017         59.2
 9             7             2017         56.5
 9             8             2017         58.8
 9             9             2017         63.2
 9             10            2017         65.1
 9             11            2017         66.1
 9             12            2017         59.1
 9             13            2017         60.2
 9             14            2017         60.5
 9             15            2017         54.2
 9             16            2017         55.5
 9             17            2017         56.1
 9             18            2017         54.0
 9             19            2017         54.8
 9             20            2017         54.1
 9             21            2017         53.1
 9             22            2017         56.2
 9             23            2017         59.4
 9             24            2017         58.5
 9             25            2017         57.3
 9             26            2017         60.0
 9             27            2017         57.4
 9             28            2017         54.8
 9             29            2017         51.8
 9             30            2017         51.0
 10            1             2017         49.0
 10            2             2017         50.1
 10            3             2017         52.2
 10            4             2017         52.9
 10            5             2017         49.3
 10            6             2017         48.4
 10            7             2017         49.5
 10            8             2017         48.1
 10            9             2017         47.2
 10            10            2017         47.4
 10            11            2017         55.5
 10            12            2017         56.8
 10            13            2017         51.5
 10            14            2017         54.6
 10            15            2017         58.5
 10            16            2017         57.6
 10            17            2017         59.1
 10            18            2017         57.3
 10            19            2017         56.3
 10            20            2017         53.7
 10            21            2017         53.0
 10            22            2017         47.8
 10            23            2017         45.9
 10            24            2017         42.8
 10            25            2017         45.1
 10            26            2017         52.3
 10            27            2017         49.5
 10            28            2017         46.1
 10            29            2017         43.7
 10            30            2017         39.3
 10            31            2017         37.6
 11            1             2017         45.0
 11            2             2017         49.4
 11            3             2017         48.6
 11            4             2017         47.0
 11            5             2017         45.9
 11            6             2017         49.2
 11            7             2017         47.5
 11            8             2017         41.7
 11            9             2017         42.6
 11            10            2017         44.9
 11            11            2017         40.9
 11            12            2017         38.5
 11            13            2017         37.5
 11            14            2017         38.7
 11            15            2017         42.1
 11            16            2017         41.8
 11            17            2017         40.9
 11            18            2017         38.1
 11            19            2017         39.0
 11            20            2017         36.0
 11            21            2017         33.3
 11            22            2017         35.6
 11            23            2017         41.7
 11            24            2017         43.2
 11            25            2017         46.8
 11            26            2017         39.1
 11            27            2017         33.3
 11            28            2017         34.7
 11            29            2017         34.6
 11            30            2017         33.2
 12            1             2017         33.4
 12            2             2017         34.8
 12            3             2017         32.9
 12            4             2017         32.8
 12            5             2017         36.7
 12            6             2017         42.2
 12            7             2017         40.0
 12            8             2017         39.0
 12            9             2017         33.0
 12            10            2017         33.4
 12            11            2017         38.6
 12            12            2017         45.1
 12            13            2017         34.1
 12            14            2017         34.8
 12            15            2017         35.7
 12            16            2017         34.3
 12            17            2017         33.8
 12            18            2017         30.6
 12            19            2017         28.3
 12            20            2017         31.3
 12            21            2017         32.3
 12            22            2017         38.0
 12            23            2017         38.6
 12            24            2017         47.1
 12            25            2017         47.0
 12            26            2017         40.0
 12            27            2017         37.3
 12            28            2017         43.6
 12            29            2017         35.5
 12            30            2017         31.7
 12            31            2017         38.8